100
6 2800001
4 41326
6 0001001
6 2684041
6 0021022
6 6773656
5 100001
6 0008809
1 71
4 40001
6 4740736
3 6091
6 0735384
6 1221021
2 211
6 0800003
6 0000701
0 1
6 4008001
6 7000007
6 0000001
6 2010221
6 6454237
4 20011
6 5644529
6 6000016
6 3700041
6 2043601
2 501
6 6921396
1 01
1 01
6 0070301
6 1020011
2 133
6 6919727
1 09
6 8000201
2 797
4 21581
6 0400701
3 1111
6 0020009
6 0101202
5 000901
5 010111
6 0000001
6 1112022
6 0009003
6 0000001
6 8000601
6 2202021
6 0000001
3 0071
1 21
0 9
0 1
6 1210212
2 111
3 0361
6 8005091
6 0000001
1 41
0 1
6 4000011
3 1101
6 0300001
2 012
6 1102102
1 01
6 5619348
4 70002
0 1
0 1
4 11111
6 2073001
2 791
6 9999999
1 55
6 1802262
2 111
4 00001
5 040061
6 0800041
6 1202221
4 00031
6 0000001
6 1111111
2 291
6 0010001
5 122121
6 9200001
5 110011
1 21
1 01
6 0000001
5 000001
6 0740009
2 285
6 3008005
