100
2 3 2
1 1 1
2 1 2
3 2 3
3 1 3
2 2 2
18 14 18
39 11 39
100 2 100
99 3 99
32 7 32
100 3 100
18 9 18
27 10 27
4 1 4
1 98 1
93 7 93
11 15 11
53 8 53
1 84 1
1 68 1
4 4 4
16 12 16
1 3 1
69 4 69
3 4 3
91 8 91
42 1 42
1 19 1
21 1 21
2 34 2
80 5 80
1 2 1
25 12 25
58 8 58
8 10 8
60 7 60
1 7 1
16 6 16
8 15 8
8 7 8
80 8 80
17 12 17
46 2 46
75 1 75
49 8 49
1 34 1
1 4 1
14 5 14
62 3 62
19 10 19
31 8 31
48 2 48
15 11 15
4 2 4
37 3 37
9 6 9
33 9 33
3 3 3
85 8 85
2 4 2
18 5 18
95 7 95
16 8 16
1 100 1
2 30 2
9 14 9
83 3 83
2 59 2
69 1 69
10 5 10
4 27 4
30 8 30
4 3 4
47 6 47
14 7 14
69 9 69
100 4 100
56 2 56
10 18 10
32 10 32
22 13 22
52 9 52
100 1 100
3 37 3
7 12 7
24 9 24
52 10 52
17 3 17
57 7 57
22 1 22
55 2 55
1 45 1
1 85 1
67 9 67
23 4 23
1 57 1
1 51 1
4 29 4
100 9 100
